6317
1	5894
2	5295
3	9555
4	5909
5	792
6	8199
7	8579
8	2412
9	9715
10	6728
11	1214
12	10050
13	1878
14	8061
15	3400
16	1808
17	7209
18	701
19	7101
20	2736
21	3924
22	1489
23	2114
24	4736
25	6960
26	9740
27	162
28	518
29	6488
30	6637
31	2171
32	3727
33	2923
34	8603
35	9378
36	6668
37	3012
38	3985
39	4277
40	5920
41	2378
42	282
43	7079
44	5721
45	7672
46	10128
47	2476
48	164
49	5626
50	8209
51	448
52	6592
53	6255
54	2781
55	2503
56	4411
57	9240
58	328
59	4762
60	7306
61	659
62	9952
63	1973
64	10138
65	2526
66	3146
67	3209
68	4136
69	226
70	7554
71	5985
72	2350
73	1902
74	6754
75	262
76	1068
77	6156
78	5825
79	4048
80	7453
81	1012
82	3189
83	8421
84	466
85	5812
86	9828
87	7191
88	2841
89	4215
90	5697
91	9624
92	9613
93	230
94	831
95	3341
96	663
97	3459
98	7601
99	6007
100	738
101	952
102	608
103	9938
104	1709
105	8041
106	267
107	285
108	4641
109	9383
110	69
111	4683
112	2107
113	3251
114	3282
115	3233
116	3033
117	3970
118	2741
119	9730
120	7513
121	2873
122	4108
123	9448
124	2936
125	4444
126	6145
127	9600
128	9981
129	3388
130	7543
131	1277
132	578
133	5289
134	1901
135	10015
136	8427
137	6497
138	6614
139	520
140	7030
141	7018
142	3773
143	6173
144	3948
145	2304
146	132
147	8553
148	1375
149	4286
150	1533
151	949
152	10109
153	6761
154	4120
155	3171
156	8583
157	2742
158	1270
159	1848
160	2959
161	5970
162	8490
163	292
164	4234
165	6978
166	1629
167	9902
168	9887
169	1106
170	645
171	6279
172	1193
173	2907
174	3715
175	2150
176	139
177	9238
178	2875
179	6538
180	877
181	2049
182	5883
183	8416
184	813
185	4010
186	7360
187	6790
188	1838
189	7188
190	9430
191	7415
192	5788
193	3085
194	812
195	3811
196	6800
197	9549
198	7446
199	514
200	8547
201	8333
202	3441
203	184
204	5839
205	3988
206	9351
207	3065
208	191
209	11
210	168
211	1057
212	9764
213	6476
214	1076
215	2387
216	6788
217	2788
218	9441
219	1791
220	9394
221	1716
222	3703
223	7474
224	2424
225	889
226	10129
227	9815
228	9374
229	1236
230	2466
231	9264
232	5905
233	7092
234	1165
235	2104
236	7781
237	729
238	7802
239	6029
240	7579
241	5817
242	9913
243	2905
244	1865
245	6469
246	2768
247	5686
248	9385
249	2811
250	5605
251	3089
252	8462
253	2173
254	6382
255	9944
256	10135
257	2053
258	9741
259	5962
260	1284
261	183
262	1598
263	7010
264	3450
265	3670
266	8534
267	8529
268	7287
269	580
270	3741
271	1890
272	9487
273	3298
274	1071
275	7136
276	1115
277	1137
278	274
279	6868
280	5786
281	7303
282	7268
283	6888
284	6859
285	9821
286	1077
287	5824
288	2680
289	5954
290	9957
291	559
292	3591
293	3836
294	88
295	8527
296	185
297	9435
298	1163
299	333
300	1526
301	6760
302	7046
303	7471
304	6957
305	7116
306	512
307	7163
308	4585
309	9282
310	1710
311	772
312	6244
313	7462
314	7506
315	6580
316	10155
317	8535
318	7028
319	9529
320	9933
321	3903
322	6066
323	9699
324	4188
325	3547
326	7141
327	1258
328	2036
329	10073
330	2172
331	2538
332	7317
333	9315
334	2091
335	5609
336	740
337	8504
338	545
339	99
340	1180
341	5814
342	2234
343	1007
344	2911
345	9988
346	436
347	2964
348	499
349	9561
350	6282
351	6794
352	8444
353	9316
354	2453
355	9472
356	9305
357	8521
358	2255
359	840
360	809
361	123
362	9477
363	9476
364	5717
365	5798
366	9230
367	9552
368	373
369	6273
370	4308
371	5775
372	4745
373	6465
374	5649
375	2695
376	5250
377	9357
378	10127
379	9635
380	6542
381	2951
382	4541
383	6031
384	1760
385	2519
386	7083
387	334
388	4191
389	6010
390	8537
391	653
392	7305
393	7001
394	50
395	5374
396	486
397	9934
398	5533
399	6830
400	9303
401	1145
402	4372
403	9196
404	2207
405	942
406	7205
407	1951
408	9258
409	105
410	6985
411	7773
412	1176
413	5037
414	5826
415	6045
416	6945
417	5847
418	2953
419	1911
420	433
421	5931
422	9322
423	424
424	4751
425	3431
426	5
427	8483
428	7289
429	76
430	9562
431	7368
432	7365
433	3075
434	5527
435	7780
436	6138
437	1232
438	8520
439	4221
440	2167
441	3981
442	8406
443	3379
444	9727
445	96
446	6338
447	1713
448	7667
449	9985
450	7109
451	7605
452	256
453	7610
454	87
455	7800
456	9434
457	4284
458	6839
459	5264
460	2971
461	1778
462	4413
463	3339
464	4639
465	2798
466	6293
467	2195
468	8397
469	259
470	7515
471	3775
472	7269
473	8486
474	5937
475	2525
476	9914
477	10058
478	5994
479	8393
480	5849
481	790
482	660
483	6877
484	2812
485	5665
486	8355
487	7429
488	4115
489	4685
490	10064
491	6567
492	8513
493	2650
494	3354
495	2840
496	6438
497	3589
498	7383
499	5690
500	7619
501	2863
502	6852
503	7061
504	646
505	2759
506	9735
507	6954
508	8107
509	9277
510	1614
511	9488
512	1097
513	1378
514	2751
515	4163
516	1517
517	1561
518	9347
519	1187
520	7081
521	6194
522	1204
523	4002
524	1311
525	8592
526	974
527	746
528	1945
529	1944
530	6160
531	6384
532	2882
533	8365
534	8376
535	6118
536	2199
537	9554
538	9872
539	6432
540	1121
541	6137
542	1078
543	9432
544	9373
545	1539
546	6217
547	945
548	4679
549	20
550	6123
551	9924
552	5998
553	3195
554	3008
555	2713
556	2750
557	2528
558	5988
559	1837
560	399
561	3181
562	1285
563	4102
564	3972
565	6872
566	6825
567	5809
568	5299
569	5650
570	9257
571	9522
572	6496
573	3240
574	6220
575	3129
576	1816
577	1935
578	10117
579	8335
580	2365
581	1896
582	4361
583	9958
584	9868
585	6541
586	4571
587	4385
588	9267
589	9719
590	7584
591	9783
592	911
593	6394
594	7384
595	3017
596	329
597	1633
598	7098
599	9538
600	5578
601	5549
602	9269
603	9905
604	9492
605	4481
606	6713
607	9484
608	9505
609	3342
610	9889
611	2132
612	197
613	219
614	7951
615	9573
616	10017
617	7171
618	975
619	3444
620	4637
621	9805
622	7299
623	5898
624	9370
625	2843
626	137
627	1120
628	9813
629	3051
630	355
631	2033
632	7435
633	8351
634	2778
635	3621
636	9194
637	637
638	1913
639	2939
640	6439
641	304
642	8450
643	1280
644	9559
645	2111
646	4712
647	947
648	1537
649	2856
650	8554
651	2820
652	7731
653	2332
654	6835
655	9193
656	7361
657	124
658	3868
659	2206
660	3906
661	5714
662	6819
663	6578
664	9996
665	465
666	6772
667	7009
668	9539
669	5807
670	9627
671	6632
672	206
673	2145
674	8505
675	3801
676	91
677	2700
678	1004
679	5868
680	3212
681	9565
682	10024
683	401
684	2425
685	9271
686	5545
687	912
688	508
689	5594
690	4005
691	6429
692	1952
693	3220
694	10098
695	9856
696	3535
697	1096
698	5039
699	6936
700	3966
701	1567
702	4046
703	1103
704	5593
705	7442
706	1267
707	8423
708	422
709	1523
710	9748
711	3047
712	6376
713	9628
714	4104
715	5939
716	763
717	6573
718	7387
719	960
720	6714
721	8611
722	205
723	909
724	958
725	2128
726	5538
727	4366
728	680
729	803
730	855
731	6466
732	6846
733	1522
734	3911
735	2585
736	1034
737	6323
738	2756
739	3510
740	1191
741	6111
742	4748
743	3248
744	1138
745	5772
746	7548
747	7073
748	119
749	3239
750	9787
751	2238
752	3157
753	6939
754	1784
755	7629
756	130
757	6413
758	9759
759	1045
760	9334
761	432
762	7477
763	6176
764	6983
765	7385
766	4742
767	1102
768	2556
769	9681
770	8456
771	3843
772	5778
773	279
774	3335
775	3887
776	1302
777	10089
778	5674
779	1158
780	3374
781	6190
782	1750
783	3460
784	10121
785	2578
786	7656
787	3531
788	6605
789	780
790	9843
791	3095
792	2800
793	7635
794	603
795	6086
796	1764
797	706
798	1536
799	6201
800	12
801	538
802	785
803	3061
804	4090
805	3454
806	862
807	5889
808	5288
809	1735
810	845
811	3580
812	4169
813	9818
814	7551
815	9984
816	6391
817	9260
818	7466
819	211
820	1832
821	2334
822	6849
823	752
824	10148
825	127
826	7538
827	6102
828	2403
829	9211
830	4233
831	9225
832	534
833	2656
834	3194
835	2520
836	9348
837	1016
838	6521
839	6410
840	10116
841	2794
842	3139
843	10152
844	1008
845	4182
846	854
847	7314
848	6351
849	3080
850	3793
851	8526
852	2496
853	2134
854	6967
855	4731
856	9898
857	715
858	563
859	6817
860	9328
861	6232
862	6281
863	754
864	6941
865	10062
866	7037
867	10011
868	1162
869	1239
870	7121
871	693
872	655
873	1021
874	1278
875	4395
876	2972
877	7017
878	9280
879	9696
880	937
881	9636
882	5850
883	6780
884	9766
885	1943
886	1195
887	3909
888	7761
889	1201
890	9893
891	542
892	6590
893	1035
894	2628
895	6335
896	9222
897	2740
898	9469
899	776
900	3082
901	472
902	941
903	554
904	2367
905	416
906	2183
907	2728
908	2481
909	40
910	3496
911	4518
912	497
913	6854
914	6904
915	7614
916	1082
917	3675
918	6240
919	3446
920	9276
921	6020
922	9534
923	9651
924	2679
925	902
926	1161
927	6937
928	1154
929	9419
930	3377
931	1863
932	2364
933	3809
934	9574
935	2709
936	116
937	2377
938	6818
939	1301
940	6022
941	9762
942	6418
943	7315
944	5532
945	7328
946	3638
947	1216
948	5661
949	8414
950	338
951	5755
952	6725
953	5692
954	4595
955	3929
956	1245
957	10049
958	4026
959	7013
960	9722
961	6259
962	7808
963	1261
964	9250
965	3879
966	6602
967	6326
968	1586
969	7625
970	2009
971	1541
972	2568
973	2681
974	9754
975	2954
976	8495
977	8348
978	6332
979	3271
980	9436
981	7043
982	1364
983	1845
984	6296
985	6490
986	15
987	1481
988	853
989	8156
990	7452
991	10043
992	2956
993	7039
994	2930
995	145
996	6085
997	7229
998	7430
999	4409
1000	6023
1001	7054
1002	7961
1003	9251
1004	2677
1005	214
1006	9401
1007	7139
1008	5910
1009	2603
1010	2175
1011	6493
1012	476
1013	6205
1014	6792
1015	9778
1016	317
1017	1171
1018	1672
1019	1025
1020	2998
1021	5283
1022	9308
1023	525
1024	3937
1025	1000
1026	7850
1027	4097
1028	4105
1029	9853
1030	8079
1031	9911
1032	3451
1033	8543
1034	585
1035	9802
1036	3923
1037	4228
1038	8368
1039	3608
1040	3003
1041	10057
1042	1226
1043	9453
1044	2824
1045	9704
1046	2846
1047	9302
1048	4085
1049	10083
1050	8380
1051	9794
1052	7580
1053	9429
1054	5827
1055	1065
1056	4693
1057	29
1058	383
1059	426
1060	5723
1061	6779
1062	2662
1063	957
1064	9830
1065	665
1066	156
1067	3069
1068	8465
1069	1851
1070	178
1071	6114
1072	73
1073	5740
1074	421
1075	2323
1076	643
1077	1554
1078	835
1079	4044
1080	7375
1081	1240
1082	9591
1083	6421
1084	7807
1085	9625
1086	429
1087	2447
1088	2352
1089	749
1090	1172
1091	9608
1092	3343
1093	3533
1094	71
1095	9935
1096	2376
1097	9400
1098	1111
1099	9919
1100	9917
1101	5673
1102	1766
1103	9325
1104	6652
1105	2034
1106	1067
1107	9927
1108	6964
1109	9427
1110	7090
1111	2854
1112	1596
1113	6689
1114	1534
1115	1812
1116	2284
1117	6084
1118	6392
1119	2754
1120	1027
1121	4258
1122	445
1123	3776
1124	2542
1125	6398
1126	6618
1127	349
1128	1639
1129	10034
1130	6933
1131	1093
1132	6150
1133	6869
1134	7648
1135	1352
1136	6345
1137	6071
1138	7479
1139	246
1140	1620
1141	9836
1142	2359
1143	8405
1144	6306
1145	2305
1146	1724
1147	6641
1148	2927
1149	6161
1150	2967
1151	1525
1152	4525
1153	5944
1154	9442
1155	1028
1156	7275
1157	1312
1158	743
1159	469
1160	1744
1161	3262
1162	9692
1163	5885
1164	748
1165	5042
1166	8251
1167	1609
1168	9596
1169	271
1170	1349
1171	9992
1172	2634
1173	3541
1174	2269
1175	3752
1176	1279
1177	2886
1178	1765
1179	6771
1180	5651
1181	1882
1182	7169
1183	6527
1184	6030
1185	3054
1186	1185
1187	2281
1188	7346
1189	7814
1190	8530
1191	10154
1192	873
1193	9920
1194	6562
1195	4383
1196	4741
1197	1148
1198	4275
1199	2613
1200	8577
1201	419
1202	3394
1203	1156
1204	8565
1205	352
1206	4692
1207	6402
1208	10146
1209	7120
1210	969
1211	6472
1212	4370
1213	6946
1214	735
1215	503
1216	60
1217	6619
1218	6093
1219	2299
1220	6214
1221	1358
1222	5724
1223	6612
1224	2789
1225	9287
1226	2779
1227	1928
1228	6096
1229	1336
1230	5969
1231	1941
1232	187
1233	3118
1234	6821
1235	5667
1236	1747
1237	2952
1238	4589
1239	9772
1240	6961
1241	3140
1242	5081
1243	9682
1244	2884
1245	3285
1246	9304
1247	423
1248	6704
1249	994
1250	1317
1251	7654
1252	9987
1253	9497
1254	217
1255	1925
1256	9212
1257	9388
1258	6932
1259	3938
1260	8430
1261	2218
1262	7246
1263	9874
1264	1796
1265	9765
1266	3693
1267	6042
1268	2524
1269	9619
1270	2943
1271	6049
1272	10115
1273	3765
1274	2138
1275	236
1276	9299
1277	6483
1278	9978
1279	3096
1280	6943
1281	7461
1282	2094
1283	7432
1284	59
1285	1199
1286	2600
1287	6239
1288	313
1289	9234
1290	3601
1291	5601
1292	9629
1293	537
1294	6387
1295	488
1296	2889
1297	3114
1298	4657
1299	10048
1300	6991
1301	8532
1302	2010
1303	672
1304	1367
1305	2732
1306	1203
1307	1501
1308	3338
1309	4209
1310	6133
1311	723
1312	5736
1313	9368
1314	7587
1315	6791
1316	8330
1317	5348
1318	10095
1319	9398
1320	4667
1321	2216
1322	784
1323	6422
1324	9833
1325	195
1326	3258
1327	8591
1328	9293
1329	2
1330	5949
1331	2357
1332	8083
1333	1066
1334	6330
1335	10091
1336	6871
1337	167
1338	6999
1339	757
1340	5917
1341	10036
1342	1325
1343	5712
1344	2413
1345	4359
1346	1834
1347	2866
1348	7819
1349	1624
1350	6283
1351	6873
1352	4367
1353	973
1354	6635
1355	9846
1356	30
1357	6840
1358	1246
1359	9288
1360	3050
1361	2298
1362	4325
1363	9946
1364	7135
1365	3941
1366	2619
1367	2068
1368	3817
1369	3291
1370	6982
1371	209
1372	7652
1373	9517
1374	4316
1375	2395
1376	6796
1377	1998
1378	4098
1379	1095
1380	1210
1381	7100
1382	4583
1383	1650
1384	1511
1385	3644
1386	5919
1387	6634
1388	1691
1389	6565
1390	2455
1391	1338
1392	9689
1393	2392
1394	2897
1395	8422
1396	7137
1397	3396
1398	595
1399	299
1400	6506
1401	7058
1402	2288
1403	9310
1404	7273
1405	9886
1406	2086
1407	6665
1408	10087
1409	560
1410	4737
1411	3178
1412	2258
1413	4563
1414	9236
1415	9361
1416	2483
1417	9665
1418	5531
1419	7888
1420	7227
1421	1268
1422	2130
1423	550
1424	7045
1425	5802
1426	4298
1427	7595
1428	9942
1429	2553
1430	477
1431	583
1432	5892
1433	10145
1434	2283
1435	6648
1436	9247
1437	4219
1438	6878
1439	9994
1440	4271
1441	55
1442	238
1443	2518
1444	9188
1445	4554
1446	1315
1447	2563
1448	9969
1449	2263
1450	6229
1451	7183
1452	1767
1453	6974
1454	3059
1455	5829
1456	266
1457	2910
1458	5656
1459	590
1460	9548
1461	9266
1462	3539
1463	6463
1464	9760
1465	9291
1466	6447
1467	5869
1468	9744
1469	1646
1470	6773
1471	7491
1472	6797
1473	716
1474	180
1475	1773
1476	791
1477	3983
1478	6135
1479	1308
1480	7162
1481	6146
1482	8401
1483	724
1484	4178
1485	1018
1486	450
1487	9835
1488	8598
1489	4533
1490	6523
1491	7309
1492	10000
1493	9876
1494	6024
1495	54
1496	9595
1497	6352
1498	3193
1499	7164
1500	4789
1501	9695
1502	10084
1503	1872
1504	2775
1505	9849
1506	3151
1507	9424
1508	155
1509	6531
1510	5659
1511	1597
1512	343
1513	228
1514	9525
1515	1254
1516	1756
1517	2135
1518	1635
1519	10030
1520	8069
1521	7115
1522	10038
1523	682
1524	6486
1525	3435
1526	3643
1527	1072
1528	1174
1529	617
1530	208
1531	6415
1532	4283
1533	1023
1534	906
1535	597
1536	593
1537	7797
1538	6858
1539	5647
1540	820
1541	3027
1542	8541
1543	7261
1544	9668
1545	7655
1546	6627
1547	4419
1548	3866
1549	3044
1550	564
1551	3768
1552	368
1553	2017
1554	1177
1555	662
1556	2985
1557	6196
1558	4100
1559	6664
1560	9869
1561	731
1562	8608
1563	170
1564	2813
1565	6515
1566	2623
1567	4147
1568	3787
1569	7168
1570	5710
1571	435
1572	2217
1573	8426
1574	6158
1575	1170
1576	7370
1577	5281
1578	7550
1579	360
1580	6360
1581	6204
1582	2682
1583	9793
1584	10046
1585	2242
1586	9923
1587	9941
1588	7402
1589	8544
1590	8216
1591	4128
1592	990
1593	1316
1594	35
1595	2400
1596	9662
1597	642
1598	1556
1599	9990
1600	6753
1601	8613
1602	2308
1603	884
1604	6082
1605	5837
1606	7232
1607	10035
1608	5947
1609	9313
1610	9295
1611	1937
1612	6520
1613	1694
1614	649
1615	2898
1616	3519
1617	6319
1618	9537
1619	7535
1620	6334
1621	7096
1622	1682
1623	1828
1624	2618
1625	1504
1626	1147
1627	1335
1628	8487
1629	9863
1630	8549
1631	871
1632	2085
1633	7519
1634	4164
1635	5823
1636	1549
1637	5556
1638	4698
1639	1989
1640	6579
1641	8584
1642	406
1643	6449
1644	5580
1645	7555
1646	9474
1647	8436
1648	5933
1649	9228
1650	1996
1651	2819
1652	2676
1653	6924
1654	6317
1655	3287
1656	370
1657	8621
1658	287
1659	3901
1660	1800
1661	2977
1662	8597
1663	5756
1664	2876
1665	8375
1666	4256
1667	4714
1668	5634
1669	4735
1670	3897
1671	967
1672	196
1673	946
1674	9982
1675	880
1676	7086
1677	6552
1678	4701
1679	6470
1680	5911
1681	1652
1682	9641
1683	2597
1684	900
1685	4598
1686	4656
1687	1946
1688	6537
1689	5676
1690	242
1691	3886
1692	9733
1693	3649
1694	954
1695	8104
1696	1505
1697	1160
1698	1060
1699	111
1700	2259
1701	1146
1702	1200
1703	6666
1704	9241
1705	1233
1706	3311
1707	277
1708	3630
1709	9594
1710	8566
1711	9947
1712	3043
1713	252
1714	332
1715	3764
1716	14
1717	3252
1718	1056
1719	1954
1720	6650
1721	988
1722	5043
1723	7537
1724	6502
1725	5719
1726	10114
1727	1090
1728	2310
1729	1124
1730	5822
1731	5516
1732	2672
1733	2825
1734	10009
1735	2718
1736	5914
1737	4168
1738	7260
1739	1498
1740	800
1741	1607
1742	4339
1743	6112
1744	2129
1745	9426
1746	7330
1747	9446
1748	10085
1749	165
1750	1844
1751	767
1752	6288
1753	6833
1754	6079
1755	1183
1756	235
1757	4774
1758	3551
1759	7502
1760	6955
1761	441
1762	215
1763	9528
1764	9970
1765	309
1766	10132
1767	3229
1768	3635
1769	7075
1770	9827
1771	7434
1772	5737
1773	4322
1774	4690
1775	1647
1776	5554
1777	4626
1778	261
1779	5655
1780	6783
1781	782
1782	6492
1783	6170
1784	1817
1785	7522
1786	9215
1787	2164
1788	4730
1789	8607
1790	6215
1791	3200
1792	1804
1793	3040
1794	8359
1795	3100
1796	4028
1797	2190
1798	4279
1799	7604
1800	9788
1801	3953
1802	6720
1803	6287
1804	4160
1805	10113
1806	2607
1807	1551
1808	7822
1809	5935
1810	3835
1811	2931
1812	6090
1813	919
1814	1323
1815	657
1816	3026
1817	6124
1818	2621
1819	6736
1820	7590
1821	8515
1822	6165
1823	6474
1824	6234
1825	4282
1826	3852
1827	4326
1828	1144
1829	8550
1830	3556
1831	9703
1832	404
1833	4499
1834	1074
1835	324
1836	493
1837	2113
1838	303
1839	3552
1840	2715
1841	10111
1842	8558
1843	9712
1844	6243
1845	1153
1846	7157
1847	720
1848	7142
1849	4672
1850	3041
1851	6726
1852	7270
1853	7386
1854	1132
1855	3486
1856	2479
1857	9292
1858	1263
1859	1662
1860	3526
1861	1227
1862	8361
1863	6419
1864	7516
1865	9547
1866	3740
1867	5886
1868	4041
1869	6597
1870	4276
1871	5832
1872	7419
1873	2397
1874	9824
1875	136
1876	9729
1877	9411
1878	1886
1879	5746
1880	1897
1881	6815
1882	312
1883	7638
1884	3616
1885	9820
1886	3015
1887	6331
1888	2566
1889	8454
1890	6033
1891	3980
1892	2796
1893	2013
1894	6750
1895	5792
1896	1409
1897	9906
1898	5990
1899	9249
1900	9707
1901	8572
1902	9541
1903	10151
1904	2469
1905	7644
1906	2011
1907	2982
1908	7372
1909	9711
1910	9791
1911	4688
1912	2516
1913	6642
1914	7581
1915	2077
1916	956
1917	418
1918	6583
1919	4091
1920	5581
1921	8438
1922	371
1923	8602
1924	198
1925	1355
1926	5773
1927	1460
1928	2996
1929	3802
1930	3437
1931	7295
1932	6589
1933	6993
1934	5764
1935	7231
1936	8508
1937	1123
1938	1363
1939	863
1940	3618
1941	1207
1942	2142
1943	4779
1944	9523
1945	3479
1946	3497
1947	8477
1948	3971
1949	6560
1950	8457
1951	3234
1952	7794
1953	378
1954	6305
1955	6100
1956	6149
1957	8063
1958	9582
1959	3534
1960	6435
1961	1229
1962	9671
1963	4025
1964	4689
1965	5025
1966	876
1967	2773
1968	6108
1969	2074
1970	8374
1971	57
1972	7158
1973	9720
1974	6367
1975	8488
1976	1873
1977	5691
1978	4681
1979	3834
1980	1269
1981	7636
1982	3469
1983	4066
1984	509
1985	7379
1986	7763
1987	7040
1988	9912
1989	9395
1990	907
1991	1743
1992	4333
1993	6037
1994	6073
1995	7503
1996	4695
1997	3759
1998	8445
1999	3964
2000	6218
2001	7190
2002	2606
2003	3334
2004	5086
2005	2141
2006	2612
2007	4523
2008	7612
2009	3542
2010	1387
2011	6404
2012	5018
2013	389
2014	9219
2015	9577
2016	552
2017	1538
2018	6116
2019	1089
2020	5904
2021	283
2022	467
2023	249
2024	8595
2025	2806
2026	1584
2027	6224
2028	9857
2029	6972
2030	9684
2031	2643
2032	9553
2033	9244
2034	7345
2035	1168
2036	9851
2037	3274
2038	6453
2039	991
2040	2988
2041	5738
2042	8452
2043	193
2044	220
2045	515
2046	1350
2047	3434
2048	8472
2049	10149
2050	4630
2051	1681
2052	297
2053	2301
2054	9489
2055	7257
2056	7349
2057	10124
2058	7818
2059	8574
2060	8435
2061	6867
2062	9878
2063	8326
2064	1134
2065	3914
2066	6261
2067	6793
2068	6901
2069	3345
2070	9840
2071	6649
2072	1264
2073	6126
2074	6268
2075	82
2076	806
2077	9513
2078	4269
2079	4000
2080	8469
2081	8130
2082	2383
2083	7173
2084	3182
2085	866
2086	3426
2087	9867
2088	3407
2089	2999
2090	6853
2091	500
2092	6372
2093	5981
2094	9809
2095	3930
2096	6461
2097	420
2098	2685
2099	10053
2100	3272
2101	9702
2102	6175
2103	8399
2104	6555
2105	3364
2106	177
2107	895
2108	5695
2109	10102
2110	5662
2111	1634
2112	9860
2113	9593
2114	1374
2115	4003
2116	9408
2117	4675
2118	10071
2119	2671
2120	4389
2121	3387
2122	8453
2123	7036
2124	9676
2125	6899
2126	8580
2127	7329
2128	1288
2129	1980
2130	2891
2131	2814
2132	6278
2133	336
2134	1155
2135	1259
2136	2717
2137	34
2138	4622
2139	3505
2140	6863
2141	8600
2142	2838
2143	482
2144	9731
2145	10139
2146	7749
2147	7447
2148	2442
2149	2165
2150	9423
2151	9584
2152	1992
2153	6986
2154	6348
2155	1221
2156	7199
2157	3577
2158	703
2159	6154
2160	5766
2161	4376
2162	3490
2163	3049
2164	6266
2165	4081
2166	6238
2167	5339
2168	9724
2169	5797
2170	976
2171	2997
2172	8493
2173	9392
2174	5687
2175	7331
2176	9233
2177	9268
2178	6172
2179	6078
2180	3314
2181	6876
2182	8334
2183	7247
2184	6420
2185	5645
2186	1676
2187	9326
2188	68
2189	5716
2190	4106
2191	10123
2192	7343
2193	2027
2194	3882
2195	5685
2196	7674
2197	4095
2198	6301
2199	4775
2200	9204
2201	6477
2202	9955
2203	288
2204	325
2205	3808
2206	6545
2207	4280
2208	507
2209	2335
2210	9221
2211	3790
2212	3162
2213	9454
2214	8369
2215	3537
2216	626
2217	1858
2218	10067
2219	286
2220	5551
2221	3214
2222	10055
2223	5574
2224	9440
2225	7119
2226	5101
2227	2581
2228	7122
2229	427
2230	6566
2231	3000
2232	9567
2233	2016
2234	1820
2235	6134
2236	174
2237	5918
2238	24
2239	6349
2240	3900
2241	7131
2242	3847
2243	7394
2244	6889
2245	8601
2246	718
2247	3351
2248	1442
2249	7806
2250	2809
2251	7087
2252	3145
2253	7561
2254	4592
2255	201
2256	530
2257	6645
2258	601
2259	9831
2260	891
2261	6069
2262	2346
2263	9752
2264	5929
2265	903
2266	9339
2267	5943
2268	4143
2269	6182
2270	5810
2271	539
2272	4218
2273	3265
2274	3726
2275	2030
2276	1601
2277	2307
2278	6918
2279	1386
2280	979
2281	2830
2282	6890
2283	9604
2284	644
2285	4103
2286	2393
2287	10014
2288	3492
2289	7027
2290	4642
2291	3401
2292	5688
2293	865
2294	6203
2295	408
2296	6412
2297	10134
2298	7651
2299	5758
2300	1885
2301	3555
2302	1688
2303	811
2304	65
2305	9763
2306	8434
2307	2490
2308	490
2309	189
2310	6460
2311	6737
2312	8433
2313	8381
2314	8343
2315	581
2316	8581
2317	3402
2318	6913
2319	9203
2320	158
2321	1075
2322	2657
2323	9768
2324	838
2325	4423
2326	9601
2327	5708
2328	5730
2329	1429
2330	4261
2331	5735
2332	9750
2333	9723
2334	365
2335	7549
2336	5548
2337	3303
2338	6152
2339	4489
2340	8341
2341	1242
2342	5041
2343	1104
2344	1225
2345	2879
2346	3346
2347	2227
2348	8432
2349	9632
2350	5222
2351	9560
2352	6764
2353	4293
2354	4139
2355	7189
2356	3511
2357	997
2358	1228
2359	4335
2360	7082
2361	9272
2362	7774
2363	3238
2364	6006
2365	278
2366	1390
2367	140
2368	2106
2369	872
2370	2694
2371	3639
2372	10063
2373	3728
2374	522
2375	9937
2376	4264
2377	2436
2378	5729
2379	747
2380	788
2381	837
2382	6700
2383	951
2384	892
2385	856
2386	2185
2387	8502
2388	6855
2389	7132
2390	6163
2391	2678
2392	300
2393	3645
2394	2850
2395	3830
2396	9804
2397	2228
2398	6028
2399	3297
2400	6842
2401	10018
2402	3951
2403	6427
2404	7831
2405	6414
2406	7441
2407	7896
2408	3996
2409	8606
2410	4753
2411	1920
2412	9661
2413	2640
2414	3513
2415	6297
2416	562
2417	1064
2418	5891
2419	798
2420	1053
2421	832
2422	531
2423	7025
2424	3687
2425	9776
2426	8449
2427	6462
2428	6686
2429	5899
2430	5879
2431	6651
2432	1877
2433	2146
2434	3472
2435	6080
2436	9979
2437	4087
2438	9746
2439	6561
2440	9558
2441	6364
2442	9806
2443	2630
2444	5542
2445	3023
2446	6185
2447	8442
2448	1887
2449	302
2450	5547
2451	540
2452	7609
2453	400
2454	9679
2455	1009
2456	4601
2457	7077
2458	3176
2459	9298
2460	9630
2461	295
2462	4457
2463	9677
2464	7308
2465	5627
2466	9590
2467	6861
2468	5820
2469	1052
2470	8367
2471	4217
2472	227
2473	2002
2474	7159
2475	8409
2476	1346
2477	4428
2478	9790
2479	3323
2480	2803
2481	5390
2482	6745
2483	3452
2484	6719
2485	2101
2486	6314
2487	7406
2488	2246
2489	623
2490	9663
2491	6019
2492	7393
2493	6981
2494	3610
2495	2208
2496	9883
2497	7810
2498	9421
2499	3270
2500	385
2501	2548
2502	4373
2503	8524
2504	1314
2505	5535
2506	95
2507	5514
2508	9516
2509	47
2510	9418
2511	9626
2512	3568
2513	4643
2514	1215
2515	1059
2516	6180
2517	712
2518	6838
2519	9226
2520	8589
2521	186
2522	6039
2523	6643
2524	5570
2525	314
2526	2439
2527	547
2528	8571
2529	1693
2530	6400
2531	1966
2532	6804
2533	32
2534	1955
2535	6927
2536	3300
2537	9344
2538	9583
2539	6280
2540	8076
2541	6003
2542	7467
2543	8476
2544	810
2545	2080
2546	9362
2547	10041
2548	4699
2549	5925
2550	819
2551	9375
2552	5583
2553	910
2554	6837
2555	240
2556	8593
2557	6629
2558	6380
2559	5229
2560	795
2561	9336
2562	1739
2563	6358
2564	5550
2565	6094
2566	3714
2567	7444
2568	9845
2569	6975
2570	9415
2571	8468
2572	5804
2573	10066
2574	1262
2575	1762
2576	6269
2577	4274
2578	9885
2579	5878
2580	5928
2581	8590
2582	10126
2583	8528
2584	760
2585	9550
2586	1875
2587	2895
2588	10081
2589	7065
2590	8071
2591	5901
2592	5519
2593	8463
2594	544
2595	6509
2596	7172
2597	3403
2598	1326
2599	5977
2600	8339
2601	717
2602	4666
2603	7823
2604	8517
2605	1222
2606	4032
2607	1740
2608	726
2609	2514
2610	9314
2611	2324
2612	9928
2613	6340
2614	9816
2615	3723
2616	1861
2617	5978
2618	3227
2619	8533
2620	1179
2621	1365
2622	3196
2623	7193
2624	6628
2625	915
2626	4016
2627	6
2628	9968
2629	9786
2630	9680
2631	3898
2632	5536
2633	320
2634	7263
2635	7624
2636	2704
2637	8531
2638	3743
2639	31
2640	6584
2641	2719
2642	548
2643	25
2644	7123
2645	7659
2646	106
2647	9256
2648	4140
2649	8362
2650	1746
2651	6959
2652	237
2653	6860
2654	1198
2655	1702
2656	1306
2657	7242
2658	4078
2659	9465
2660	4203
2661	8437
2662	6167
2663	7414
2664	4464
2665	5843
2666	3803
2667	9393
2668	5854
2669	570
2670	579
2671	6681
2672	5794
2673	5670
2674	9993
2675	9817
2676	380
2677	1894
2678	5606
2679	449
2680	405
2681	6595
2682	5907
2683	232
2684	9417
2685	7776
2686	1550
2687	721
2688	4347
2689	3256
2690	6696
2691	6591
2692	3293
2693	2986
2694	2611
2695	194
2696	5831
2697	8378
2698	9333
2699	624
2700	600
2701	7352
2702	2302
2703	4384
2704	3737
2705	3204
2706	212
2707	2163
2708	7301
2709	7482
2710	1256
2711	9259
2712	704
2713	6450
2714	7588
2715	8514
2716	6671
2717	2247
2718	9732
2719	7307
2720	9359
2721	3871
2722	3397
2723	5666
2724	2974
2725	2454
2726	5565
2727	1114
2728	13
2729	67
2730	5750
2731	916
2732	7327
2733	6491
2734	7
2735	3820
2736	10006
2737	9721
2738	2028
2739	725
2740	6254
2741	3037
2742	6187
2743	6478
2744	9658
2745	10068
2746	202
2747	7399
2748	606
2749	9915
2750	9761
2751	9753
2752	7032
2753	3483
2754	3862
2755	5658
2756	3733
2757	9189
2758	2296
2759	6396
2760	1131
2761	9217
2762	3895
2763	7125
2764	569
2765	9716
2766	2303
2767	8481
2768	8569
2769	1030
2770	5147
2771	7511
2772	9318
2773	6900
2774	1128
2775	9585
2776	9839
2777	9195
2778	5813
2779	6587
2780	596
2781	2888
2782	6095
2783	5897
2784	9670
2785	586
2786	6441
2787	694
2788	1295
2789	9617
2790	787
2791	9954
2792	3686
2793	9948
2794	1108
2795	6270
2796	110
2797	379
2798	7821
2799	2890
2800	8478
2801	2097
2802	5791
2803	6980
2804	3839
2805	263
2806	7570
2807	5557
2808	8105
2809	6823
2810	9767
2811	2537
2812	5739
2813	461
2814	999
2815	4734
2816	1112
2817	1243
2818	6601
2819	10045
2820	9461
2821	6295
2822	1024
2823	1107
2824	4593
2825	858
2826	9989
2827	1988
2828	3792
2829	4715
2830	3192
2831	2245
2832	589
2833	631
2834	6586
2835	696
2836	9904
2837	6594
2838	592
2839	2014
2840	6248
2841	3433
2842	1399
2843	10021
2844	7562
2845	9980
2846	492
2847	2001
2848	459
2849	1079
2850	691
2851	1621
2852	2992
2853	8402
2854	247
2855	2051
2856	45
2857	2529
2858	2844
2859	2991
2860	7084
2861	2067
2862	6308
2863	6443
2864	6177
2865	7645
2866	3514
2867	3504
2868	1069
2869	7244
2870	7011
2871	532
2872	6701
2873	9493
2874	3926
2875	734
2876	3721
2877	3086
2878	7170
2879	375
2880	4776
2881	622
2882	3273
2883	7127
2884	3228
2885	481
2886	6679
2887	9977
2888	455
2889	2860
2890	1715
2891	4324
2892	9557
2893	5821
2894	4012
2895	7206
2896	6958
2897	6064
2898	10093
2899	3949
2900	1310
2901	4099
2902	3600
2903	9220
2904	7775
2905	616
2906	2505
2907	1719
2908	3484
2909	6699
2910	9796
2911	9468
2912	9931
2913	4687
2914	995
2915	768
2916	2362
2917	4650
2918	305
2919	3188
2920	321
2921	2390
2922	3957
2923	1083
2924	3982
2925	377
2926	4417
2927	2901
2928	2270
2929	2615
2930	6136
2931	5982
2932	10060
2933	4239
2934	7048
2935	8619
2936	5989
2937	2894
2938	9397
2939	4365
2940	70
2941	7820
2942	394
2943	9739
2944	1282
2945	705
2946	3536
2947	4015
2948	7202
2949	2569
2950	454
2951	4436
2952	1684
2953	9551
2954	10
2955	9512
2956	6801
2957	2465
2958	2602
2959	7024
2960	939
2961	5815
2962	4193
2963	2042
2964	5924
2965	2004
2966	1329
2967	7762
2968	6738
2969	1116
2970	4349
2971	9634
2972	6246
2973	3594
2974	1388
2975	5560
2976	844
2977	1359
2978	4638
2979	4300
2980	5639
2981	2714
2982	1043
2983	9307
2984	2646
2985	2782
2986	861
2987	3920
2988	3853
2989	9769
2990	5776
2991	647
2992	10047
2993	6115
2994	210
2995	3101
2996	9243
2997	2995
2998	1997
2999	3876
3000	9861
3001	977
3002	5596
3003	7256
3004	9346
3005	9823
3006	8570
3007	5926
3008	4520
3009	4663
3010	1385
3011	9901
3012	1932
3013	8489
3014	1883
3015	4705
3016	1562
3017	6951
3018	216
3019	1557
3020	3120
3021	463
3022	6375
3023	1063
3024	3837
3025	4113
3026	8618
3027	620
3028	2920
3029	3309
3030	10112
3031	7245
3032	6379
3033	2448
3034	1017
3035	1907
3036	3788
3037	2604
3038	9406
3039	1552
3040	3913
3041	2648
3042	758
3043	2562
3044	1774
3045	5845
3046	10069
3047	7272
3048	2191
3049	9532
3050	1073
3051	6276
3052	6621
3053	9814
3054	4084
3055	4251
3056	5959
3057	7539
3058	987
3059	7576
3060	172
3061	935
3062	4478
3063	9428
3064	2018
3065	1164
3066	85
3067	3575
3068	7470
3069	6633
3070	225
3071	10004
3072	5546
3073	2389
3074	2492
3075	6131
3076	3506
3077	3207
3078	7267
3079	2406
3080	6036
3081	6765
3082	310
3083	62
3084	8455
3085	6434
3086	9353
3087	1150
3088	4487
3089	3071
3090	6705
3091	5945
3092	6359
3093	610
3094	102
3095	7392
3096	1022
3097	8366
3098	9227
3099	9801
3100	7336
3101	5635
3102	3081
3103	1441
3104	3480
3105	4072
3106	4802
3107	3992
3108	8407
3109	4031
3110	4196
3111	8523
3112	1412
3113	1080
3114	113
3115	3153
3116	10008
3117	6938
3118	5961
3119	918
3120	9877
3121	4677
3122	1753
3123	2918
3124	8467
3125	4198
3126	2720
3127	6870
3128	555
3129	6501
3130	6548
3131	2913
3132	4141
3133	1247
3134	6556
3135	4750
3136	10037
3137	7407
3138	1092
3139	802
3140	4796
3141	9457
3142	10059
3143	971
3144	3908
3145	2994
3146	6403
3147	9775
3148	2608
3149	4122
3150	8336
3151	1958
3152	7294
3153	2666
3154	1113
3155	7177
3156	1823
3157	6212
3158	1182
3159	7281
3160	6061
3161	339
3162	6026
3163	1969
3164	3438
3165	9509
3166	5748
3167	483
3168	2865
3169	6623
3170	3816
3171	7391
3172	7529
3173	6769
3174	2456
3175	3746
3176	7338
3177	391
3178	6087
3179	6581
3180	4708
3181	8356
3182	5953
3183	6121
3184	6529
3185	4156
3186	3849
3187	6812
3188	3846
3189	4033
3190	6708
3191	1625
3192	9365
3193	9341
3194	6407
3195	4460
3196	996
3197	1241
3198	3105
3199	2914
3200	2226
3201	6749
3202	153
3203	3013
3204	6226
3205	161
3206	10077
3207	1700
3208	126
3209	6925
3210	4132
3211	2747
3212	311
3213	3321
3214	1987
3215	6236
3216	1686
3217	3789
3218	1675
3219	5693
3220	1737
3221	9603
3222	702
3223	4398
3224	8046
3225	6260
3226	5777
3227	9564
3228	6762
3229	9631
3230	4135
3231	9261
3232	3430
3233	2579
3234	7481
3235	6209
3236	10108
3237	677
3238	440
3239	9402
3240	101
3241	7031
3242	1194
3243	3947
3244	9798
3245	3729
3246	2401
3247	9643
3248	9859
3249	1339
3250	3478
3251	2933
3252	7019
3253	3890
3254	4576
3255	478
3256	9201
3257	1167
3258	7454
3259	392
3260	9910
3261	9602
3262	1342
3263	4257
3264	9437
3265	8373
3266	9514
3267	6891
3268	7566
3269	41
3270	5856
3271	4469
3272	4529
3273	638
3274	3386
3275	8379
3276	72
3277	5274
3278	3993
3279	6433
3280	1870
3281	2912
3282	245
3283	9311
3284	5633
3285	804
3286	3702
3287	9894
3288	8327
3289	1286
3290	6660
3291	9693
3292	6674
3293	9466
3294	444
3295	9908
3296	4476
3297	9705
3298	7583
3299	5816
3300	9345
3301	898
3302	291
3303	8563
3304	779
3305	1507
3306	5805
3307	182
3308	9389
3309	1313
3310	728
3311	342
3312	6075
3313	9205
3314	3844
3315	9637
3316	9797
3317	9445
3318	5867
3319	4334
3320	1087
3321	9410
3322	5992
3323	3408
3324	968
3325	2665
3326	9866
3327	6431
3328	3939
3329	2210
3330	6092
3331	1305
3332	4199
3333	5872
3334	5614
3335	1381
3336	3060
3337	8551
3338	1815
3339	9396
3340	834
3341	7465
3342	2616
3343	2423
3344	6910
3345	2318
3346	3093
3347	10032
3348	9819
3349	8542
3350	6672
3351	3912
3352	2363
3353	7196
3354	6015
3355	5967
3356	2929
3357	6211
3358	6828
3359	1671
3360	1580
3361	10025
3362	412
3363	6341
3364	2072
3365	2764
3366	551
3367	4717
3368	4062
3369	2482
3370	2881
3371	7310
3372	1889
3373	4623
3374	4562
3375	9192
3376	9380
3377	5529
3378	1353
3379	9657
3380	3697
3381	984
3382	5521
3383	5530
3384	3691
3385	9503
3386	7197
3387	3791
3388	4129
3389	6337
3390	275
3391	9356
3392	4822
3393	3305
3394	1891
3395	1535
3396	10001
3397	3177
3398	4653
3399	5689
3400	8094
3401	9274
3402	7166
3403	6148
3404	8066
3405	3613
3406	36
3407	1319
3408	1110
3409	5727
3410	6850
3411	5677
3412	5957
3413	3254
3414	5940
3415	6768
3416	9713
3417	9880
3418	667
3419	4740
3420	3578
3421	2797
3422	6393
3423	4029
3424	5678
3425	1565
3426	6680
3427	9450
3428	9784
3429	7226
3430	9683
3431	4974
3432	1903
3433	6847
3434	16
3435	7316
3436	1070
3437	4480
3438	10044
3439	462
3440	6516
3441	1799
3442	1238
3443	7078
3444	6035
3445	10027
3446	9785
3447	3317
3448	8492
3449	6452
3450	685
3451	5833
3452	3032
3453	6063
3454	2409
3455	4343
3456	479
3457	491
3458	9263
3459	6139
3460	7401
3461	7091
3462	7450
3463	9542
3464	8564
3465	272
3466	188
3467	3468
3468	6610
3469	10074
3470	9871
3471	4511
3472	980
3473	5864
3474	7204
3475	630
3476	1938
3477	6386
3478	4759
3479	3001
3480	103
3481	9519
3482	6716
3483	4223
3484	5975
3485	6113
3486	6644
3487	152
3488	9527
3489	9200
3490	203
3491	1630
3492	4424
3493	290
3494	6782
3495	9621
3496	6536
3497	460
3498	4190
3499	9321
3500	2963
3501	2590
3502	6481
3503	9300
3504	4189
3505	9327
3506	3353
3507	3295
3508	9294
3509	4023
3510	10086
3511	7156
3512	7826
3513	3260
3514	1577
3515	3607
3516	1331
3517	1602
3518	6428
3519	1484
3520	6743
3521	5699
3522	4374
3523	3850
3524	9757
3525	9795
3526	7234
3527	2550
3528	7504
3529	4076
3530	1731
3531	2405
3532	8254
3533	9826
3534	1695
3535	5733
3536	8536
3537	3022
3538	2127
3539	6655
3540	1224
3541	6512
3542	7404
3543	6905
3544	6694
3545	10005
3546	7408
3547	1098
3548	839
3549	4142
3550	4201
3551	8113
3552	1826
3553	852
3554	254
3555	9355
3556	9579
3557	3382
3558	5563
3559	9656
3560	6014
3561	1274
3562	4800
3563	6931
3564	9807
3565	635
3566	8506
3567	2223
3568	1392
3569	9655
3570	2460
3571	5562
3572	9319
3573	80
3574	9743
3575	7864
3576	3070
3577	827
3578	163
3579	4527
3580	6055
3581	1921
3582	567
3583	3392
3584	1135
3585	5744
3586	2774
3587	750
3588	3084
3589	2770
3590	7020
3591	7764
3592	8578
3593	3445
3594	9354
3595	1257
3596	3443
3597	7582
3598	7230
3599	6751
3600	678
3601	582
3602	2739
3603	5642
3604	7382
3605	5871
3606	190
3607	5696
3608	9478
3609	2361
3610	7033
3611	2158
3612	883
3613	9640
3614	614
3615	502
3616	5525
3617	207
3618	2358
3619	3701
3620	5761
3621	7151
3622	745
3623	5762
3624	4362
3625	7051
3626	2381
3627	7439
3628	2330
3629	8519
3630	5591
3631	6781
3632	7546
3633	6885
3634	6593
3635	4014
3636	4449
3637	8596
3638	2280
3639	9646
3640	3184
3641	10101
3642	4278
3643	8605
3644	9255
3645	7417
3646	4387
3647	1553
3648	2831
3649	7390
3650	9439
3651	9666
3652	3692
3653	9667
3654	2333
3655	6442
3656	8345
3657	972
3658	6732
3659	8363
3660	10094
3661	9638
3662	1119
3663	7286
3664	1793
3665	10125
3666	306
3667	5888
3668	6551
3669	6763
3670	9575
3671	7217
3672	9323
3673	414
3674	2916
3675	3058
3676	4767
3677	122
3678	6464
3679	7243
3680	5657
3681	2827
3682	561
3683	6142
3684	9842
3685	6915
3686	2241
3687	6048
3688	3422
3689	3990
3690	10153
3691	3356
3692	2932
3693	10076
3694	700
3695	8377
3696	1157
3697	8064
3698	8588
3699	7178
3700	1529
3701	3532
3702	6923
3703	2551
3704	10147
3705	3840
3706	7311
3707	9789
3708	1864
3709	9495
3710	9841
3711	633
3712	5790
3713	5948
3714	4721
3715	1321
3716	9391
3717	2133
3718	6027
3719	1530
3720	4513
3721	8498
3722	64
3723	4074
3724	656
3725	3349
3726	6077
3727	1521
3728	3436
3729	415
3730	6813
3731	345
3732	3136
3733	6424
3734	5742
3735	9443
3736	2500
3737	1575
3738	160
3739	1062
3740	1220
3741	1588
3742	3585
3743	6607
3744	9848
3745	3685
3746	10078
3747	173
3748	7782
3749	431
3750	9709
3751	1061
3752	4646
3753	359
3754	2722
3755	10033
3756	221
3757	3133
3758	6916
3759	7617
3760	2955
3761	6044
3762	2060
3763	9960
3764	1840
3765	4438
3766	308
3767	8412
3768	1714
3769	1679
3770	2081
3771	5684
3772	931
3773	3681
3774	1337
3775	74
3776	6487
3777	4494
3778	8016
3779	4493
3780	2380
3781	1559
3782	6324
3783	37
3784	2804
3785	28
3786	6534
3787	8413
3788	2443
3789	6494
3790	719
3791	9501
3792	1047
3793	1357
3794	6235
3795	3595
3796	4557
3797	1006
3798	7029
3799	7147
3800	6140
3801	3581
3802	6081
3803	6971
3804	3197
3805	9533
3806	7388
3807	9616
3808	1003
3809	3319
3810	10143
3811	2170
3812	2787
3813	6966
3814	4173
3815	7240
3816	353
3817	8522
3818	1181
3819	4564
3820	7126
3821	2050
3822	1922
3823	2438
3824	128
3825	3134
3826	4255
3827	2776
3828	326
3829	6088
3830	1748
3831	9502
3832	4474
3833	4058
3834	3221
3835	4519
3836	697
3837	150
3838	6504
3839	9903
3840	5638
3841	6265
3842	10099
3843	762
3844	9999
3845	2539
3846	9456
3847	9588
3848	4114
3849	1519
3850	899
3851	250
3852	5979
3853	9614
3854	4492
3855	5679
3856	2232
3857	7233
3858	627
3859	6325
3860	1831
3861	2179
3862	1105
3863	963
3864	7047
3865	4207
3866	5759
3867	4661
3868	9317
3869	7371
3870	8253
3871	2231
3872	6892
3873	3554
3874	1347
3875	2396
3876	7381
3877	2062
3878	3383
3879	5528
3880	9758
3881	8429
3882	9297
3883	8075
3884	3348
3885	710
3886	89
3887	451
3888	10061
3889	4671
3890	9986
3891	1841
3892	9792
3893	109
3894	10003
3895	2021
3896	7111
3897	9838
3898	4174
3899	6354
3900	6471
3901	10040
3902	2944
3903	922
3904	6814
3905	6841
3906	4290
3907	6128
3908	1151
3909	5882
3910	9615
3911	9546
3912	7212
3913	3736
3914	9879
3915	5038
3916	7416
3917	2347
3918	2687
3919	4111
3920	9916
3921	7473
3922	6559
3923	9967
3924	376
3925	4060
3926	6778
3927	2780
3928	2513
3929	6884
3930	9382
3931	4216
3932	571
3933	2037
3934	2639
3935	1527
3936	3631
3937	6570
3938	2248
3939	6253
3940	5922
3941	5700
3942	6264
3943	4247
3944	3855
3945	8325
3946	2078
3947	4137
3948	797
3949	9611
3950	1788
3951	2229
3952	6727
3953	6430
3954	8235
3955	4080
3956	2790
3957	3663
3958	9998
3959	2124
3960	6411
3961	9738
3962	281
3963	2716
3964	2222
3965	9945
3966	3018
3967	6250
3968	5524
3969	6192
3970	2449
3971	6831
3972	8548
3973	9694
3974	3055
3975	8474
3976	9386
3977	6444
3978	4211
3979	2286
3980	5704
3981	2491
3982	2007
3983	4065
3984	7552
3985	983
3986	8302
3987	2368
3988	8446
3989	4694
3990	755
3991	8389
3992	5965
3993	2213
3994	6195
3995	4682
3996	4259
3997	9281
3998	2427
3999	3798
4000	1255
4001	808
4002	7278
4003	9962
4004	4581
4005	9587
4006	7449
4007	978
4008	7325
4009	7221
4010	154
4011	2980
4012	6445
4013	8507
4014	5632
4015	1271
4016	7533
4017	10130
4018	6315
4019	5887
4020	5956
4021	4043
4022	8387
4023	3253
4024	5800
4025	7986
4026	179
4027	4634
4028	2176
4029	730
4030	8466
4031	2957
4032	3381
4033	3235
4034	2810
4035	8093
4036	9647
4037	4350
4038	9431
4039	1192
4040	2026
4041	9873
4042	8285
4043	1761
4044	8385
4045	2475
4046	8475
4047	7972
4048	3758
4049	751
4050	6371
4051	5884
4052	1213
4053	3365
4054	1704
4055	7464
4056	5567
4057	9597
4058	1248
4059	2861
4060	1722
4061	7179
4062	9701
4063	1328
4064	2893
4065	3931
4066	2635
4067	7518
4068	458
4069	2271
4070	5680
4071	1824
4072	3170
4073	9416
4074	7130
4075	6865
4076	4352
4077	1196
4078	2432
4079	7167
4080	689
4081	8337
4082	3656
4083	836
4084	986
4085	842
4086	6730
4087	527
4088	6300
4089	2340
4090	932
4091	3094
4092	6344
4093	953
4094	9210
4095	6676
4096	5011
4097	1384
4098	7607
4099	9976
4100	3124
4101	8340
4102	7342
4103	5046
4104	1206
4105	159
4106	6272
4107	8350
4108	529
4109	7376
4110	6021
4111	9644
4112	1383
4113	7005
4114	6624
4115	3404
4116	6129
4117	6526
4118	5592
4119	6965
4120	4153
4121	2703
4122	8480
4123	3126
4124	1344
4125	9214
4126	5664
4127	151
4128	8482
4129	10070
4130	928
4131	2631
4132	6886
4133	9262
4134	6004
4135	2908
4136	4281
4137	6755
4138	7153
4139	1297
4140	4673
4141	4094
4142	3682
4143	3429
4144	3471
4145	6513
4146	2329
4147	6690
4148	9510
4149	6132
4150	10119
4151	9959
4152	9572
4153	1250
4154	5637
4155	2864
4156	6052
4157	8525
4158	1798
4159	6940
4160	7124
4161	3640
4162	1476
4163	1320
4164	9229
4165	6347
4166	9285
4167	17
4168	2574
4169	3842
4170	468
4171	1705
4172	5539
4173	6654
4174	4660
4175	4544
4176	7374
4177	7093
4178	7531
4179	9412
4180	7946
4181	8614
4182	9782
4183	3945
4184	2871
4185	887
4186	5564
4187	2024
4188	5851
4189	9675
4190	6948
4191	369
4192	598
4193	4599
4194	4437
4195	2112
4196	6625
4197	8546
4198	2093
4199	9343
4200	764
4201	2737
4202	4416
4203	2196
4204	5955
4205	2647
4206	6917
4207	146
4208	2900
4209	3201
4210	9673
4211	5983
4212	6032
4213	396
4214	1968
4215	6848
4216	6068
4217	10104
4218	5009
4219	3457
4220	7542
4221	574
4222	9961
4223	7778
4224	6514
4225	366
4226	7104
4227	9191
4228	2295
4229	6381
4230	9847
4231	2122
4232	6712
4233	9734
4234	8585
4235	799
4236	9449
4237	3821
4238	2777
4239	5946
4240	6703
4241	8392
4242	890
4243	536
4244	9706
4245	407
4246	4696
4247	4644
4248	7004
4249	5718
4250	496
4251	9324
4252	3797
4253	3308
4254	9265
4255	6653
4256	6661
4257	558
4258	2642
4259	2753
4260	4647
4261	7089
4262	1418
4263	1050
4264	8300
4265	7146
4266	870
4267	1055
4268	3464
4269	6564
4270	5799
4271	4220
4272	1546
4273	1611
4274	6882
4275	3851
4276	9781
4277	5952
4278	9737
4279	428
4280	4459
4281	7766
4282	6369
4283	3940
4284	9660
4285	6074
4286	9438
4287	8077
4288	4400
4289	8443
4290	94
4291	5534
4292	2966
4293	6072
4294	7264
4295	10028
4296	709
4297	10133
4298	2204
4299	9455
4300	204
4301	484
4302	6826
4303	9275
4304	5780
4305	9899
4306	316
4307	10012
4308	3411
4309	7768
4310	5997
4311	1186
4312	382
4313	4539
4314	4318
4315	1038
4316	651
4317	1939
4318	9483
4319	4560
4320	6312
4321	8400
4322	1619
4323	927
4324	10150
4325	1173
4326	1626
4327	860
4328	2023
4329	7128
4330	4447
4331	233
4332	9
4333	9589
4334	7023
4335	4354
4336	3414
4337	8510
4338	6856
4339	3978
4340	9535
4341	7541
4342	6898
4343	3572
4344	3482
4345	8352
4346	690
4347	4150
4348	1223
4349	9369
4350	893
4351	3641
4352	3242
4353	4288
4354	8622
4355	6162
4356	269
4357	2230
4358	2371
4359	8382
4360	9387
4361	2993
4362	1130
4363	6141
4364	4337
4365	5844
4366	5731
4367	573
4368	9728
4369	1149
4370	584
4371	8354
4372	6572
4373	6535
4374	485
4375	3579
4376	327
4377	9825
4378	3299
4379	1015
4380	4703
4381	4462
4382	6631
4383	3922
4384	3666
4385	7545
4386	135
4387	2557
4388	9884
4389	5683
4390	7266
4391	9811
4392	4213
4393	5576
4394	2498
4395	1975
4396	9335
4397	7443
4398	684
4399	5966
4400	7155
4401	9199
4402	6291
4403	1010
4404	9377
4405	9511
4406	3304
4407	2430
4408	8604
4409	5589
4410	9543
4411	7071
4412	3025
4413	2552
4414	3144
4415	5783
4416	1859
4417	688
4418	2168
4419	4249
4420	8491
4421	9252
4422	1266
4423	9645
4424	3984
4425	6041
4426	9404
4427	3904
4428	1978
4429	3367
4430	6729
4431	1643
4432	2601
4433	9956
4434	10026
4435	2730
4436	737
4437	112
4438	7525
4439	7228
4440	888
4441	5996
4442	2156
4443	2221
4444	4330
4445	10010
4446	1569
4447	6522
4448	5934
4449	1209
4450	5741
4451	8404
4452	3818
4453	3921
4454	4486
4455	2727
4456	8556
4457	6702
4458	9452
4459	6907
4460	44
4461	8395
4462	6311
4463	4393
4464	1212
4465	6448
4466	4079
4467	2815
4468	6844
4469	4052
4470	6511
4471	5930
4472	609
4473	6968
4474	7627
4475	9972
4476	4083
4477	4676
4478	2743
4479	6528
4480	2178
4481	2488
4482	523
4483	5913
4484	940
4485	2391
4486	3362
4487	2348
4488	3606
4489	739
4490	2253
4491	265
4492	4728
4493	2339
4494	2388
4495	49
4496	879
4497	2325
4498	7633
4499	5210
4500	6715
4501	6770
4502	10131
4503	6399
4504	1957
4505	169
4506	6776
4507	9578
4508	5976
4509	3508
4510	5902
4511	6657
4512	8371
4513	3935
4514	524
4515	2571
4516	1770
4517	5964
4518	1088
4519	9197
4520	63
4521	4380
4522	7064
4523	1011
4524	1101
4525	9337
4526	9742
4527	533
4528	6775
4529	2594
4530	2082
4531	8388
4532	372
4533	9896
4534	21
4535	10072
4536	9486
4537	3973
4538	9425
4539	565
4540	2903
4541	6070
4542	9399
4543	3553
4544	7547
4545	2103
4546	8347
4547	761
4548	1707
4549	3111
4550	7403
4551	2278
4552	489
4553	7088
4554	3810
4555	2121
4556	1370
4557	6390
4558	4684
4559	410
4560	3312
4561	6723
4562	7455
4563	7428
4564	9755
4565	6333
4566	6219
4567	1790
4568	1377
4569	2048
4570	3570
4571	5900
4572	9610
4573	141
4574	5866
4575	6577
4576	3698
4577	8471
4578	10136
4579	9209
4580	2949
4581	8249
4582	388
4583	7451
4584	9248
4585	2531
4586	9242
4587	456
4588	7279
4589	7335
4590	9206
4591	6596
4592	9622
4593	3592
4594	7148
4595	4619
4596	120
4597	741
4598	3778
4599	2961
4600	4222
4601	7220
4602	1296
4603	3946
4604	5752
4605	2201
4606	10016
4607	686
4608	8364
4609	3423
4610	2444
4611	9254
4612	9808
4613	3148
4614	2147
4615	4578
4616	3243
4617	5789
4618	3380
4619	9520
4620	475
4621	9207
4622	7589
4623	1058
4624	1984
4625	9950
4626	1304
4627	7405
4628	7433
4629	10022
4630	2858
4631	1351
4632	1645
4633	3063
4634	9926
4635	3915
4636	3470
4637	7339
4638	7012
4639	3632
4640	7770
4641	8567
4642	2791
4643	8516
4644	1332
4645	2766
4646	4289
4647	6155
4648	8328
4649	2382
4650	9290
4651	7400
4652	2504
4653	363
4654	930
4655	4291
4656	6911
4657	670
4658	5540
4659	6802
4660	1
4661	10056
4662	4524
4663	6752
4664	7816
4665	8576
4666	572
4667	6489
4668	9747
4669	1600
4670	6588
4671	4212
4672	541
4673	1819
4674	1499
4675	3623
4676	9329
4677	9566
4678	1717
4679	2450
4680	9918
4681	7553
4682	1912
4683	8411
4684	9218
4685	1230
4686	93
4687	2507
4688	241
4689	8562
4690	6168
4691	301
4692	10088
4693	7254
4694	7103
4695	5616
4696	6540
4697	9812
4698	2706
4699	8501
4700	3004
4701	859
4702	9460
4703	3172
4704	4448
4705	5682
4706	2186
4707	6979
4708	3831
4709	4045
4710	6101
4711	2372
4712	6304
4713	4758
4714	3213
4715	605
4716	9480
4717	3784
4718	4151
4719	1475
4720	6119
4721	3546
4722	2327
4723	474
4724	6992
4725	8441
4726	6299
4727	1950
4728	9540
4729	6436
4730	3550
4731	885
4732	9496
4733	3979
4734	8332
4735	3361
4736	3634
4737	4235
4738	3424
4739	8383
4740	3739
4741	97
4742	611
4743	1967
4744	3190
4745	9964
4746	619
4747	2225
4748	6368
4749	2188
4750	255
4751	5654
4752	1758
4753	6198
4754	9371
4755	6880
4756	10110
4757	4262
4758	3507
4759	335
4760	6285
4761	9309
4762	934
4763	6569
4764	535
4765	6290
4766	2180
4767	2407
4768	4273
4769	6164
4770	2404
4771	134
4772	3652
4773	8329
4774	9756
4775	6174
4776	1581
4777	9563
4778	6921
4779	268
4780	9620
4781	5857
4782	511
4783	4304
4784	8518
4785	5852
4786	6157
4787	2069
4788	5846
4789	289
4790	2464
4791	3406
4792	4596
4793	6685
4794	8431
4795	9639
4796	3448
4797	2973
4798	3574
4799	3961
4800	3823
4801	8545
4802	2941
4803	618
4804	3786
4805	6550
4806	943
4807	6613
4808	5703
4809	1769
4810	9997
4811	8440
4812	1361
4813	9409
4814	914
4815	1292
4816	698
4817	7626
4818	8360
4819	7144
4820	664
4821	7059
4822	8439
4823	9208
4824	1763
4825	3668
4826	6284
4827	6202
4828	1005
4829	1368
4830	2644
4831	753
4832	668
4833	3747
4834	6669
4835	3163
4836	6832
4837	687
4838	707
4839	829
4840	7021
4841	1801
4842	438
4843	8560
4844	3467
4845	2705
4846	594
4847	6062
4848	3016
4849	4237
4850	6451
4851	296
4852	2075
4853	10079
4854	3421
4855	5500
4856	3119
4857	7613
4858	4194
4859	1741
4860	1434
4861	2534
4862	10029
4863	413
4864	2958
4865	6944
4866	10141
4867	2461
4868	2661
4869	7218
4870	9953
4871	9390
4872	3968
4873	2868
4874	4051
4875	5958
4876	1117
4877	917
4878	6458
4879	2120
4880	280
4881	7214
4882	1340
4883	9284
4884	9966
4885	9376
4886	9598
4887	1366
4888	10075
4889	4302
4890	6484
4891	9231
4892	3627
4893	828
4894	6355
4895	6222
4896	1749
4897	2250
4898	5522
4899	9384
4900	1893
4901	7134
4902	223
4903	4716
4904	6547
4905	7219
4906	1235
4907	824
4908	3395
4909	10140
4910	6166
4911	9237
4912	924
4913	9697
4914	3540
4915	4668
4916	4159
4917	4453
4918	5876
4919	9458
4920	1582
4921	1217
4922	1373
4923	3074
4924	1293
4925	1205
4926	1813
4927	970
4928	1318
4929	5707
4930	9605
4931	5838
4932	2586
4933	1141
4934	3476
4935	425
4936	7675
4937	8473
4938	2070
4939	3088
4940	3217
4941	7160
4942	9571
4943	7175
4944	1884
4945	9672
4946	2356
4947	5923
4948	7258
4949	5950
4950	3771
4951	4265
4952	8390
4953	1041
4954	364
4955	9865
4956	7068
4957	273
4958	1356
4959	9475
4960	5819
4961	8494
4962	807
4963	1086
4964	8074
4965	7463
4966	9524
4967	4825
4968	473
4969	3028
4970	10065
4971	3678
4972	9725
4973	1914
4974	2379
4975	1836
4976	9649
4977	10105
4978	397
4979	6599
4980	6647
4981	6539
4982	4061
4983	1039
4984	3975
4985	3057
4986	7271
4987	8496
4988	3548
4989	1125
4990	4733
4991	2636
4992	2289
4993	9580
4994	6040
4995	5702
4996	3854
4997	2652
4998	8559
4999	9545
5000	8609
5001	8424
5002	2045
5003	5588
5004	9659
5005	7600
5006	9726
5007	985
5008	4467
5009	1283
5010	2059
5011	7259
5012	936
5013	7133
5014	1345
5015	2543
5016	9892
5017	6585
5018	7145
5019	6543
5020	1126
5021	5751
5022	1660
5023	4752
5024	7283
5025	6425
5026	8417
5027	2025
5028	6230
5029	6011
5030	7026
5031	395
5032	1260
5033	2938
5034	4607
5035	3967
5036	759
5037	4680
5038	1991
5039	5569
5040	6976
5041	1781
5042	5782
5043	9467
5044	6759
5045	7298
5046	6875
5047	9606
5048	9283
5049	2435
5050	6857
5051	7425
5052	1757
5053	7038
5054	83
5055	2580
5056	1782
5057	9648
5058	7099
5059	8512
5060	9685
5061	244
5062	9864
5063	8062
5064	9974
5065	7276
5066	8447
5067	9975
5068	2099
5069	4640
5070	3208
5071	4718
5072	9568
5073	9822
5074	3332
5075	6926
5076	9890
5077	1665
5078	3713
5079	10097
5080	5598
5081	818
5082	6223
5083	796
5084	1343
5085	5211
5086	4008
5087	7074
5088	5890
5089	4260
5090	1002
5091	8464
5092	3651
5093	9422
5094	566
5095	3867
5096	9499
5097	5543
5098	3859
5099	443
5100	6122
5101	3393
5102	851
5103	6994
5104	8420
5105	6468
5106	6200
5107	9301
5108	9340
5109	457
5110	9521
5111	6798
5112	9338
5113	4172
5114	2489
5115	8509
5116	5763
5117	1159
5118	3020
5119	6309
5120	2035
5121	7577
5122	346
5123	9481
5124	1591
5125	9810
5126	43
5127	350
5128	6722
5129	4659
5130	1265
5131	10100
5132	8398
5133	10019
5134	192
5135	384
5136	10013
5137	3936
5138	2755
5139	4507
5140	9286
5141	9891
5142	2452
5143	2962
5144	1166
5145	2512
5146	3596
5147	6678
5148	3719
5149	8448
5150	3244
5151	1184
5152	9530
5153	8511
5154	7297
5155	8497
5156	9331
5157	6125
5158	9232
5159	2256
5160	1044
5161	7224
5162	9507
5163	9612
5164	4727
5165	3109
5166	7107
5167	641
5168	5572
5169	2617
5170	6673
5171	6251
5172	5760
5173	3241
5174	3704
5175	6051
5176	519
5177	1854
5178	9586
5179	276
5180	8503
5181	6706
5182	1322
5183	8561
5184	2445
5185	7556
5186	5653
5187	2293
5188	3307
5189	8419
5190	2748
5191	79
5192	6179
5193	3292
5194	7235
5195	6193
5196	1528
5197	3231
5198	4112
5199	6795
5200	10042
5201	4035
5202	3024
5203	1379
5204	8091
5205	9360
5206	3115
5207	3340
5208	9289
5209	5743
5210	1085
5211	2240
5212	1730
5213	6609
5214	6656
5215	9581
5216	2658
5217	5895
5218	1805
5219	7771
5220	8386
5221	10023
5222	3827
5223	962
5224	1658
5225	6144
5226	5811
5227	886
5228	3586
5229	6887
5230	7340
5231	4306
5232	1568
5233	2572
5234	908
5235	1054
5236	3489
5237	4162
5238	6127
5239	7389
5240	3281
5241	6008
5242	3815
5243	1036
5244	7528
5245	5663
5246	6241
5247	3624
5248	9459
5249	3419
5250	9710
5251	634
5252	348
5253	1792
5254	3142
5255	9372
5256	6638
5257	6043
5258	9932
5259	6822
5260	5968
5261	6050
5262	1136
5263	5974
5264	9925
5265	9296
5266	4702
5267	2291
5268	5767
5269	3603
5270	904
5271	8557
5272	2589
5273	10107
5274	9852
5275	7575
5276	1427
5277	4187
5278	3717
5279	1001
5280	9518
5281	239
5282	6692
5283	6934
5284	118
5285	8358
5286	4176
5287	4878
5288	9433
5289	1576
5290	8410
5291	315
5292	8451
5293	9463
5294	2022
5295	5559
5296	2268
5297	9202
5298	6740
5299	253
5300	1608
5301	5818
5302	4669
5303	6639
5304	8582
5305	6836
5306	7671
5307	2522
5308	3684
5309	847
5310	775
5311	621
5312	7469
5313	9570
5314	53
5315	9698
5316	2734
5317	850
5318	403
5319	142
5320	5757
5321	5893
5322	6739
5323	9358
5324	8616
5325	234
5326	3509
5327	8552
5328	9198
5329	6482
5330	9991
5331	1696
5332	5991
5333	7022
5334	5575
5335	6988
5336	8129
5337	2598
5338	6377
5339	3255
5340	770
5341	7445
5342	6130
5343	9246
5344	9479
5345	2008
5346	2257
5347	199
5348	5602
5349	3463
5350	8
5351	8331
5352	9751
5353	3442
5354	3565
5355	1772
5356	10007
5357	7798
5358	66
5359	10039
5360	4665
5361	6620
5362	9618
5363	2154
5364	1327
5365	6724
5366	9471
5367	7751
5368	9330
5369	3812
5370	9278
5371	10142
5372	4037
5373	7080
5374	9909
5375	7302
5376	6047
5377	982
5378	8346
5379	1640
5380	1867
5381	2921
5382	3662
5383	6067
5384	6210
5385	8460
5386	9536
5387	2829
5388	9576
5389	2437
5390	676
5391	7517
5392	9829
5393	2338
5394	7225
5395	8372
5396	2061
5397	6034
5398	6922
5399	7008
5400	9444
5401	5896
5402	1558
5403	2502
5404	6789
5405	8500
5406	6663
5407	9482
5408	411
5409	7796
5410	9544
5411	3529
5412	6777
5413	4071
5414	607
5415	10002
5416	6582
5417	4577
5418	9652
5419	825
5420	2181
5421	8112
5422	2459
5423	6151
5424	26
5425	6920
5426	4070
5427	6169
5428	5840
5429	147
5430	9531
5431	2515
5432	3326
5433	5577
5434	9799
5435	6667
5436	5874
5437	9770
5438	4435
5439	6503
5440	9485
5441	3829
5442	588
5443	4152
5444	7602
5445	658
5446	5669
5447	9771
5448	7813
5449	786
5450	8081
5451	1931
5452	2063
5453	6640
5454	1842
5455	8344
5456	3880
5457	4422
5458	6252
5459	5834
5460	1593
5461	417
5462	5828
5463	1971
5464	2851
5465	7608
5466	7108
5467	7211
5468	5615
5469	4710
5470	6405
5471	318
5472	1488
5473	3799
5474	181
5475	5745
5476	6076
5477	114
5478	7558
5479	905
5480	1118
5481	6942
5482	7313
5483	6271
5484	8024
5485	358
5486	774
5487	7760
5488	6557
5489	8484
5490	1699
5491	176
5492	1871
5493	8610
5494	2626
5495	46
5496	5711
5497	9494
5498	1287
5499	4241
5500	7367
5501	6646
5502	4631
5503	711
5504	7200
5505	8391
5506	6709
5507	3473
5508	6808
5509	9506
5510	4227
5511	673
5512	4063
5513	3014
5514	5808
5515	6370
5516	9253
5517	1303
5518	3211
5519	5877
5520	3780
5521	3276
5522	9897
5523	6675
5524	8470
5525	6600
5526	9780
5527	393
5528	9379
5529	926
5530	7282
5531	4664
5532	9850
5533	1983
5534	8067
5535	2805
5536	1360
5537	8568
5538	2322
5539	7456
5540	6120
5541	8415
5542	857
5543	453
5544	175
5545	1866
5546	2215
5547	19
5548	2637
5549	7323
5550	632
5551	10120
5552	7448
5553	814
5554	108
5555	5277
5556	4588
5557	517
5558	6816
5559	5972
5560	9678
5561	778
5562	7184
5563	9190
5564	6670
5565	549
5566	504
5567	3121
5568	2707
5569	3462
5570	9834
5571	5595
5572	6083
5573	148
5574	1142
5575	7194
5576	8540
5577	1663
5578	3744
5579	4826
5580	9451
5581	248
5582	9464
5583	3770
5584	6962
5585	2547
5586	8573
5587	7634
5588	4342
5589	9854
5590	447
5591	9306
5592	9940
5593	9653
5594	1109
5595	7873
5596	9413
5597	6803
5598	2924
5599	744
5600	1566
5601	9352
5602	4358
5603	1993
5604	2981
5605	5881
5606	33
5607	2627
5608	8594
5609	386
5610	6811
5611	3602
5612	1516
5613	3331
5614	9882
5615	344
5616	1234
5617	1970
5618	3390
5619	1856
5620	4179
5621	1879
5622	777
5623	7300
5624	6799
5625	3316
5626	9420
5627	340
5628	3518
5629	1916
5630	446
5631	9569
5632	9777
5633	9239
5634	1627
5635	6053
5636	9714
5637	115
5638	6025
5639	2349
5640	5272
5641	6208
5642	5960
5643	3249
5644	5963
5645	9664
5646	6339
5647	2193
5648	8586
5649	6630
5650	9526
5651	8459
5652	1771
5653	801
5654	7421
5655	5951
5656	9690
5657	10122
5658	4149
5659	3005
5660	143
5661	1852
5662	5671
5663	6742
5664	4754
5665	3286
5666	2508
5667	7530
5668	464
5669	2712
5670	4546
5671	3894
5672	149
5673	1211
5674	61
5675	3290
5676	5855
5677	323
5678	5698
5679	9223
5680	10052
5681	3456
5682	9349
5683	7507
5684	3439
5685	1014
5686	7396
5687	3755
5688	3958
5689	4450
5690	4329
5691	612
5692	10082
5693	7324
5694	390
5695	1986
5696	10054
5697	7035
5698	3814
5699	22
5700	1033
5701	6060
5702	7274
5703	3583
5704	9736
5705	4678
5706	6881
5707	1307
5708	3622
5709	7573
5710	6191
5711	8394
5712	8612
5713	374
5714	1571
5715	1139
5716	1042
5717	2109
5718	7894
5719	2039
5720	4388
5721	7825
5722	9936
5723	3848
5724	7186
5725	5848
5726	9498
5727	9837
5728	9900
5729	9983
5730	993
5731	6001
5732	602
5733	1219
5734	1698
5735	4655
5736	2276
5737	7223
5738	7524
5739	3175
5740	7560
5741	2614
5742	5568
5743	6350
5744	7759
5745	6058
5746	6519
5747	2282
5748	765
5749	4645
5750	3863
5751	2252
5752	471
5753	3889
5754	1251
5755	6423
5756	260
5757	9844
5758	9403
5759	4202
5760	9888
5761	1122
5762	6313
5763	714
5764	5938
5765	9332
5766	107
5767	4627
5768	9700
5769	1721
5770	409
5771	3512
5772	2105
5773	7154
5774	8284
5775	6199
5776	2609
5777	9504
5778	9832
5779	7440
5780	8617
5781	1947
5782	3010
5783	8620
5784	8396
5785	7140
5786	4022
5787	2767
5788	9599
5789	8353
5790	833
5791	3673
5792	8250
5793	2975
5794	1272
5795	7015
5796	7457
5797	4336
5798	7312
5799	4600
5800	965
5801	7801
5802	8425
5803	3794
5804	3415
5805	7143
5806	6659
5807	4439
5808	2416
5809	10137
5810	1051
5811	4204
5812	5672
5813	7187
5814	381
5815	9688
5816	7304
5817	7292
5818	1019
5819	9881
5820	9508
5821	896
5822	5841
5823	3731
5824	7468
5825	3090
5826	3475
5827	6184
5828	9405
5829	3647
5830	1742
5831	10118
5832	6717
5833	1520
5834	437
5835	224
5836	7182
5837	4268
5838	553
5839	9224
5840	157
5841	166
5842	3091
5843	9654
5844	2366
5845	1563
5846	2906
5847	18
5848	6698
5849	1249
5850	10051
5851	4133
5852	6866
5853	9971
5854	6935
5855	1188
5856	773
5857	10031
5858	4597
5859	9687
5860	9462
5861	3359
5862	5801
5863	5835
5864	2373
5865	5770
5866	989
5867	2561
5868	7512
5869	5571
5870	2169
5871	6928
5872	39
5873	1616
5874	6744
5875	9381
5876	3333
5877	6356
5878	8539
5879	576
5880	722
5881	2842
5882	7112
5883	6012
5884	10090
5885	1583
5886	4
5887	3969
5888	10106
5889	1555
5890	1999
5891	1667
5892	3986
5893	9235
5894	2123
5895	2535
5896	4410
5897	2159
5898	7373
5899	9803
5900	6059
5901	3320
5902	9779
5903	794
5904	10103
5905	4124
5906	8370
5907	3716
5908	3371
5909	2038
5910	5942
5911	9491
5912	2032
5913	7827
5914	1962
5915	2394
5916	7422
5917	513
5918	2591
5919	8403
5920	9473
5921	7285
5922	7578
5923	9490
5924	8418
5925	6408
5926	3599
5927	6718
5928	6956
5929	7663
5930	848
5931	6105
5932	4594
5933	7102
5934	4285
5935	9363
5936	6000
5937	6636
5938	9774
5939	3800
5940	2725
5941	6851
5942	8408
5943	3143
5944	3718
5945	821
5946	3761
5947	7632
5948	7176
5949	1592
5950	8342
5951	9364
5952	8357
5953	51
5954	6949
5955	5875
5956	8615
5957	2807
5958	9800
5959	6221
5960	5613
5961	713
5962	4556
5963	5842
5964	6845
5965	9773
5966	9245
5967	2478
5968	8384
5969	2102
5970	3875
5971	3564
5972	882
5973	8428
5974	3113
5975	3730
5976	10096
5977	5566
5978	3516
5979	675
5980	1868
5981	9279
5982	7483
5983	9862
5984	38
5985	1273
5986	2243
5987	923
5988	3021
5989	2497
5990	10020
5991	3159
5992	9870
5993	4175
5994	9929
5995	8538
5996	2235
5997	7351
5998	5544
5999	929
6000	867
6001	6906
6002	9921
6003	2265
6004	9650
6005	4747
6006	2575
6007	6929
6008	4722
6009	138
6010	9965
6011	171
6012	6598
6013	9407
6014	8587
6015	144
6016	7277
6017	4572
6018	8072
6019	625
6020	6786
6021	7690
6022	9213
6023	2398
6024	5781
6025	815
6026	1934
6027	5584
6028	330
6029	4232
6030	6459
6031	5906
6032	1874
6033	4346
6034	9674
6035	7572
6036	5720
6037	2808
6038	341
6039	4386
6040	5863
6041	6454
6042	1275
6043	7510
6044	2702
6045	950
6046	9642
6047	6065
6048	9366
6049	1091
6050	6684
6051	9717
6052	5541
6053	90
6054	4338
6055	1026
6056	7118
6057	7138
6058	6914
6059	9875
6060	5912
6061	6104
6062	6320
6063	1300
6064	9414
6065	8458
6066	9963
6067	4369
6068	4443
6069	9858
6070	9855
6071	6457
6072	3919
6073	3907
6074	9320
6075	2816
6076	7195
6077	1208
6078	4408
6079	9749
6080	4328
6081	6267
6082	7747
6083	9350
6084	897
6085	2321
6086	1888
6087	575
6088	7181
6089	1977
6090	7378
6091	6366
6092	9669
6093	9273
6094	5795
6095	3781
6096	6930
6097	9745
6098	2272
6099	894
6100	7559
6101	3933
6102	613
6103	2000
6104	925
6105	6353
6106	1094
6107	7326
6108	7758
6109	6505
6110	2415
6111	4425
6112	3174
6113	938
6114	9556
6115	2874
6116	5414
6117	10144
6118	100
6119	9470
6120	6622
6121	4765
6122	5287
6123	3179
6124	4096
6125	3891
6126	992
6127	9500
6128	5980
6129	5932
6130	9633
6131	789
6132	9447
6133	1794
6134	4567
6135	9515
6136	9995
6137	727
6138	5675
6139	742
6140	1670
6141	7523
6142	7106
6143	7809
6144	6097
6145	3760
6146	874
6147	6970
6148	6307
6149	6517
6150	5582
6151	6558
6152	9691
6153	841
6154	1829
6155	117
6156	6365
6157	6532
6158	9973
6159	6518
6160	2087
6161	42
6162	1690
6163	9907
6164	9718
6165	1668
6166	8073
6167	347
6168	9609
6169	4654
6170	1401
6171	4570
6172	4466
6173	9367
6174	133
6175	1979
6176	9623
6177	2117
6178	6774
6179	9312
6180	200
6181	557
6182	3557
6183	2096
6184	6110
6185	5999
6186	7799
6187	121
6188	7571
6189	125
6190	4484
6191	1020
6192	7241
6193	4526
6194	9939
6195	2203
6196	5984
6197	7350
6198	981
6199	1299
6200	6302
6201	6626
6202	1362
6203	487
6204	494
6205	356
6206	3199
6207	4652
6208	1333
6209	5747
6210	9895
6211	4225
6212	826
6213	6258
6214	8349
6215	8485
6216	9922
6217	6697
6218	3062
6219	3530
6220	2935
6221	4764
6222	7208
6223	362
6224	7585
6225	681
6226	9686
6227	2527
6228	7333
6229	9708
6230	7052
6231	669
6232	7544
6233	78
6234	526
6235	959
6236	3654
6237	270
6238	1190
6239	6013
6240	6343
6241	7621
6242	1795
6243	2758
6244	766
6245	7150
6246	8575
6247	2987
6248	3236
6249	9342
6250	6046
6251	6257
6252	3753
6253	5715
6254	5426
6255	8623
6256	10092
6257	1197
6258	7637
6259	2429
6260	3523
6261	4536
6262	442
6263	674
6264	2264
6265	1032
6266	2160
6267	3569
6268	430
6269	4161
6270	5573
6271	4185
6272	8479
6273	7354
6274	8499
6275	257
6276	6989
6277	577
6278	4729
6279	2029
6280	1603
6281	5749
6282	3562
6283	129
6284	9607
6285	5728
6286	10080
6287	8599
6288	7002
6289	495
6290	9592
6291	6178
6292	8555
6293	5520
6294	1560
6295	1751
6296	1202
6297	5652
6298	9270
6299	1880
6300	9930
6301	501
6302	7341
6303	5630
6304	9216
6305	7536
6306	3108
6307	1613
6308	6401
6309	7563
6310	1013
6311	3944
6312	6947
6313	8338
6314	4123
6315	4126
6316	4042
6317	4997
